1.010000000000000009e+00 3.247158780678440285e-03 3.246821776770044982e-03
1.020000000000000018e+00 3.246484666368218419e-03 3.246484566332693850e-03
1.030000000000000027e+00 3.245809954663708002e-03 3.245809859464540443e-03
1.040000000000000036e+00 3.245134645192506405e-03 3.245134547924518904e-03
1.050000000000000044e+00 3.244458737583724543e-03 3.244458637041699751e-03
1.060000000000000053e+00 3.243782231464960655e-03 3.243782137474224021e-03
1.070000000000000062e+00 3.243105126464750163e-03 3.243105026484724169e-03
1.080000000000000071e+00 3.242427422210807531e-03 3.242427311533898921e-03
1.090000000000000080e+00 3.241749118331592721e-03 3.241749023530357283e-03
1.100000000000000089e+00 3.241070214453608492e-03 3.241070115933550062e-03
1.110000000000000098e+00 3.240390710204216294e-03 3.240390606862317020e-03
1.120000000000000107e+00 3.239710605211438502e-03 3.239710502711542778e-03
1.130000000000000115e+00 3.239029899099610775e-03 3.239029792112543566e-03
1.140000000000000124e+00 3.238348591497816707e-03 3.238348499934315134e-03
1.150000000000000133e+00 3.237666682031370771e-03 3.237666579636308290e-03
1.160000000000000142e+00 3.236984170325465145e-03 3.236984066035117086e-03
1.170000000000000151e+00 3.236301056007288238e-03 3.236300957709656052e-03
1.180000000000000160e+00 3.235617338702109422e-03 3.235617240804341838e-03
1.190000000000000169e+00 3.234933018034722319e-03 3.234932917806074022e-03
1.200000000000000178e+00 3.234248093630235407e-03 3.234247990846480809e-03
1.210000000000000187e+00 3.233562565114829219e-03 3.233562466675718190e-03
1.220000000000000195e+00 3.232876432112243101e-03 3.232876335701459231e-03
1.230000000000000204e+00 3.232189694246100174e-03 3.232189594726261623e-03
1.240000000000000213e+00 3.231502351142141218e-03 3.231502250500281354e-03
1.250000000000000222e+00 3.230814402423208727e-03 3.230814300891890218e-03
1.260000000000000231e+00 3.230125847713267995e-03 3.230125741637831800e-03
1.270000000000000240e+00 3.229436686636905345e-03 3.229436592988574068e-03
1.280000000000000249e+00 3.228746918816625434e-03 3.228746815153723821e-03
1.290000000000000258e+00 3.228056543875040905e-03 3.228056435489176385e-03
1.300000000000000266e+00 3.227365561435769671e-03 3.227365466074158269e-03
1.310000000000000275e+00 3.226673971120821126e-03 3.226673872447346787e-03
1.320000000000000284e+00 3.225981772553686983e-03 3.225981670240682126e-03
1.330000000000000293e+00 3.225288965354531755e-03 3.225288868691219852e-03
1.340000000000000302e+00 3.224595549146978130e-03 3.224595450035391570e-03
1.350000000000000311e+00 3.223901523552093109e-03 3.223901412141569073e-03
1.360000000000000320e+00 3.223206888191399496e-03 3.223206782010376321e-03
1.370000000000000329e+00 3.222511642686102639e-03 3.222511548273129540e-03
1.380000000000000338e+00 3.221815786657073952e-03 3.221815688547732554e-03
1.390000000000000346e+00 3.221119319725455031e-03 3.221119220953025126e-03
1.400000000000000355e+00 3.220422241510912959e-03 3.220422141225750840e-03
1.410000000000000364e+00 3.219724551634895945e-03 3.219724444747381915e-03
1.420000000000000373e+00 3.219026249716371111e-03 3.219026150702572215e-03
1.430000000000000382e+00 3.218327335375662564e-03 3.218327221432556746e-03
1.440000000000000391e+00 3.217627808232954769e-03 3.217627694951371870e-03
1.450000000000000400e+00 3.216927667906451134e-03 3.216927564153590231e-03
1.460000000000000409e+00 3.216226914016381225e-03 3.216226816959985319e-03
1.470000000000000417e+00 3.215525546180425867e-03 3.215525443422958835e-03
1.480000000000000426e+00 3.214823564018291172e-03 3.214823466279878323e-03
1.490000000000000435e+00 3.214120967148249939e-03 3.214120867056632653e-03
1.500000000000000444e+00 3.213417755187485125e-03 3.213417649661206871e-03
1.510000000000000453e+00 3.212713927755076176e-03 3.212713834344068948e-03
1.520000000000000462e+00 3.212009484468674857e-03 3.212009380959554312e-03
1.530000000000000471e+00 3.211304424945359177e-03 3.211304313666115979e-03
1.540000000000000480e+00 3.210598748801615603e-03 3.210598638858638571e-03
1.550000000000000488e+00 3.209892455655740783e-03 3.209892360445107135e-03
1.560000000000000497e+00 3.209185545125092884e-03 3.209185441477299412e-03
1.570000000000000506e+00 3.208478016824590617e-03 3.208477910021653463e-03
1.580000000000000515e+00 3.207769870371560486e-03 3.207769765367626553e-03
1.590000000000000524e+00 3.207061105380464537e-03 3.207061001830876796e-03
1.600000000000000533e+00 3.206351721469317528e-03 3.206351623674660607e-03
1.610000000000000542e+00 3.205641718251981721e-03 3.205641608516881808e-03
1.620000000000000551e+00 3.204931095345273616e-03 3.204930992595219925e-03
1.630000000000000560e+00 3.204219852363953194e-03 3.204219756369749723e-03
1.640000000000000568e+00 3.203507988923068837e-03 3.203507888827058798e-03
1.650000000000000577e+00 3.202795504635676162e-03 3.202795397427845876e-03
1.660000000000000586e+00 3.202082399117845302e-03 3.202082292474980624e-03
1.670000000000000595e+00 3.201368671983278926e-03 3.201368566152492951e-03
1.680000000000000604e+00 3.200654322846256498e-03 3.200654216684026016e-03
1.690000000000000613e+00 3.199939351319511412e-03 3.199939250819735809e-03
1.700000000000000622e+00 3.199223757017828369e-03 3.199223647598611626e-03
1.710000000000000631e+00 3.198507539553605960e-03 3.198507431534377849e-03
1.720000000000000639e+00 3.197790698540257590e-03 3.197790603337577215e-03
1.730000000000000648e+00 3.197073233590429914e-03 3.197073144534098594e-03
1.740000000000000657e+00 3.196355144316471650e-03 3.196355046242157789e-03
1.750000000000000666e+00 3.195636430331210299e-03 3.195636321251524043e-03
1.760000000000000675e+00 3.194917091245433327e-03 3.194916983417780704e-03
1.770000000000000684e+00 3.194197126672232347e-03 3.194197010003560228e-03
1.780000000000000693e+00 3.193476536222082142e-03 3.193476427298943838e-03
1.790000000000000702e+00 3.192755319508066517e-03 3.192755233882846062e-03
1.800000000000000711e+00 3.192033476140100374e-03 3.192033380727818132e-03
1.810000000000000719e+00 3.191311005729212304e-03 3.191310895900298112e-03
1.820000000000000728e+00 3.190587907886137300e-03 3.190587803203467649e-03
1.830000000000000737e+00 3.189864182220715234e-03 3.189864079544687831e-03
1.840000000000000746e+00 3.189139828343501553e-03 3.189139718884345404e-03
1.850000000000000755e+00 3.188414845864876064e-03 3.188414744670350649e-03
1.860000000000000764e+00 3.187689234393523748e-03 3.187689137007506963e-03
1.870000000000000773e+00 3.186962993539899439e-03 3.186962885592944678e-03
1.880000000000000782e+00 3.186236122912231017e-03 3.186236008900774925e-03
1.890000000000000790e+00 3.185508622120106822e-03 3.185508517233867371e-03
1.900000000000000799e+00 3.184780490772341939e-03 3.184780392118110887e-03
1.910000000000000808e+00 3.184051728476796923e-03 3.184051623250635805e-03
1.920000000000000817e+00 3.183322334842053972e-03 3.183322224842296839e-03
1.930000000000000826e+00 3.182592309476492323e-03 3.182592203998521347e-03
1.940000000000000835e+00 3.181861651987619079e-03 3.181861553258610604e-03
1.950000000000000844e+00 3.181130361982693715e-03 3.181130254148453480e-03
1.960000000000000853e+00 3.180398439069048559e-03 3.180398330115960254e-03
1.970000000000000862e+00 3.179665882853779154e-03 3.179665777608417249e-03
1.980000000000000870e+00 3.178932692943495317e-03 3.178932586322954796e-03
1.990000000000000879e+00 3.178198868944877992e-03 3.178198763720271620e-03
2.000000000000000888e+00 3.177464410463968006e-03 3.177831692369178802e-03
